5.000000000000000278e-02 5.600000000000000000e+01 1.500000000000000000e+01 1.000000000000000000e+00 5.000000000000000278e-02 2.080000000000000225e-13 1.839999999999999858e+01
5.000000000000000278e-02 5.600000000000000000e+01 1.500000000000000000e+01 1.000000000000000000e+00 5.000000000000000278e-02 2.080000000000000225e-13 1.000000000000000000e+00
5.000000000000000278e-02 1.400000000000000000e+01 1.500000000000000000e+01 1.000000000000000000e+00 5.000000000000000278e-02 2.080000000000000225e-13 1.000000000000000000e+00
5.000000000000000278e-02 1.400000000000000000e+01 1.500000000000000000e+01 1.000000000000000000e+00 5.899999999999999689e-01 2.080000000000000225e-13 1.000000000000000000e+00
5.899999999999999689e-01 1.400000000000000000e+01 1.500000000000000000e+01 1.000000000000000000e+00 5.899999999999999689e-01 2.080000000000000225e-13 1.000000000000000000e+00
5.899999999999999689e-01 1.400000000000000000e+01 6.000000000000000000e+00 1.000000000000000000e+00 5.899999999999999689e-01 2.080000000000000225e-13 1.000000000000000000e+00
5.899999999999999689e-01 1.400000000000000000e+01 6.000000000000000000e+00 1.000000000000000000e+00 5.899999999999999689e-01 8.020000000000000158e-13 1.000000000000000000e+00
5.899999999999999689e-01 1.400000000000000000e+01 6.000000000000000000e+00 4.000000000000000000e+00 5.899999999999999689e-01 8.020000000000000158e-13 1.000000000000000000e+00
4.099999999999999756e-01 4.200000000000000000e+01 0.000000000000000000e+00 0.000000000000000000e+00 4.099999999999999756e-01 6.039999999999999507e-13 6.800000000000000711e+00
4.099999999999999756e-01 4.200000000000000000e+01 0.000000000000000000e+00 0.000000000000000000e+00 4.099999999999999756e-01 9.999999999999999988e-15 6.800000000000000711e+00
9.499999999999999556e-01 4.200000000000000000e+01 0.000000000000000000e+00 0.000000000000000000e+00 4.099999999999999756e-01 9.999999999999999988e-15 6.800000000000000711e+00
9.499999999999999556e-01 0.000000000000000000e+00 0.000000000000000000e+00 0.000000000000000000e+00 4.099999999999999756e-01 9.999999999999999988e-15 6.800000000000000711e+00
9.499999999999999556e-01 0.000000000000000000e+00 0.000000000000000000e+00 0.000000000000000000e+00 9.499999999999999556e-01 9.999999999999999988e-15 6.800000000000000711e+00
9.499999999999999556e-01 0.000000000000000000e+00 0.000000000000000000e+00 0.000000000000000000e+00 9.499999999999999556e-01 9.999999999999999988e-15 2.420000000000000284e+01
9.499999999999999556e-01 0.000000000000000000e+00 9.000000000000000000e+00 0.000000000000000000e+00 9.499999999999999556e-01 9.999999999999999988e-15 2.420000000000000284e+01
9.499999999999999556e-01 0.000000000000000000e+00 9.000000000000000000e+00 3.000000000000000000e+00 9.499999999999999556e-01 9.999999999999999988e-15 2.420000000000000284e+01
7.700000000000000178e-01 0.000000000000000000e+00 0.000000000000000000e+00 5.000000000000000000e+00 5.899999999999999689e-01 2.080000000000000225e-13 3.000000000000000000e+01
7.700000000000000178e-01 0.000000000000000000e+00 0.000000000000000000e+00 5.000000000000000000e+00 5.899999999999999689e-01 8.020000000000000158e-13 3.000000000000000000e+01
7.700000000000000178e-01 0.000000000000000000e+00 0.000000000000000000e+00 5.000000000000000000e+00 5.000000000000000278e-02 8.020000000000000158e-13 3.000000000000000000e+01
7.700000000000000178e-01 4.200000000000000000e+01 0.000000000000000000e+00 5.000000000000000000e+00 5.000000000000000278e-02 8.020000000000000158e-13 3.000000000000000000e+01
7.700000000000000178e-01 4.200000000000000000e+01 9.000000000000000000e+00 5.000000000000000000e+00 5.000000000000000278e-02 8.020000000000000158e-13 3.000000000000000000e+01
7.700000000000000178e-01 4.200000000000000000e+01 9.000000000000000000e+00 2.000000000000000000e+00 5.000000000000000278e-02 8.020000000000000158e-13 3.000000000000000000e+01
2.299999999999999822e-01 4.200000000000000000e+01 9.000000000000000000e+00 2.000000000000000000e+00 5.000000000000000278e-02 8.020000000000000158e-13 3.000000000000000000e+01
2.299999999999999822e-01 4.200000000000000000e+01 9.000000000000000000e+00 2.000000000000000000e+00 5.000000000000000278e-02 8.020000000000000158e-13 1.260000000000000142e+01
4.099999999999999756e-01 7.000000000000000000e+01 3.000000000000000000e+00 2.000000000000000000e+00 4.099999999999999756e-01 9.999999999999999988e-15 2.420000000000000284e+01
9.499999999999999556e-01 7.000000000000000000e+01 3.000000000000000000e+00 2.000000000000000000e+00 4.099999999999999756e-01 9.999999999999999988e-15 2.420000000000000284e+01
9.499999999999999556e-01 7.000000000000000000e+01 3.000000000000000000e+00 2.000000000000000000e+00 9.499999999999999556e-01 9.999999999999999988e-15 2.420000000000000284e+01
9.499999999999999556e-01 7.000000000000000000e+01 3.000000000000000000e+00 2.000000000000000000e+00 9.499999999999999556e-01 6.039999999999999507e-13 2.420000000000000284e+01
9.499999999999999556e-01 7.000000000000000000e+01 3.000000000000000000e+00 5.000000000000000000e+00 9.499999999999999556e-01 6.039999999999999507e-13 2.420000000000000284e+01
9.499999999999999556e-01 7.000000000000000000e+01 1.200000000000000000e+01 5.000000000000000000e+00 9.499999999999999556e-01 6.039999999999999507e-13 2.420000000000000284e+01
9.499999999999999556e-01 2.800000000000000000e+01 1.200000000000000000e+01 5.000000000000000000e+00 9.499999999999999556e-01 6.039999999999999507e-13 2.420000000000000284e+01
9.499999999999999556e-01 2.800000000000000000e+01 1.200000000000000000e+01 5.000000000000000000e+00 9.499999999999999556e-01 6.039999999999999507e-13 6.800000000000000711e+00
5.000000000000000278e-02 1.400000000000000000e+01 6.000000000000000000e+00 4.000000000000000000e+00 5.899999999999999689e-01 9.999999999999999799e-13 2.420000000000000284e+01
5.000000000000000278e-02 1.400000000000000000e+01 6.000000000000000000e+00 4.000000000000000000e+00 5.000000000000000278e-02 9.999999999999999799e-13 2.420000000000000284e+01
5.899999999999999689e-01 1.400000000000000000e+01 6.000000000000000000e+00 4.000000000000000000e+00 5.000000000000000278e-02 9.999999999999999799e-13 2.420000000000000284e+01
5.899999999999999689e-01 1.400000000000000000e+01 1.500000000000000000e+01 4.000000000000000000e+00 5.000000000000000278e-02 9.999999999999999799e-13 2.420000000000000284e+01
5.899999999999999689e-01 1.400000000000000000e+01 1.500000000000000000e+01 1.000000000000000000e+00 5.000000000000000278e-02 9.999999999999999799e-13 2.420000000000000284e+01
5.899999999999999689e-01 1.400000000000000000e+01 1.500000000000000000e+01 1.000000000000000000e+00 5.000000000000000278e-02 9.999999999999999799e-13 6.800000000000000711e+00
5.899999999999999689e-01 5.600000000000000000e+01 1.500000000000000000e+01 1.000000000000000000e+00 5.000000000000000278e-02 9.999999999999999799e-13 6.800000000000000711e+00
5.899999999999999689e-01 5.600000000000000000e+01 1.500000000000000000e+01 1.000000000000000000e+00 5.000000000000000278e-02 4.060000000000000371e-13 6.800000000000000711e+00
5.000000000000000278e-02 0.000000000000000000e+00 6.000000000000000000e+00 3.000000000000000000e+00 5.899999999999999689e-01 8.020000000000000158e-13 1.000000000000000000e+00
5.000000000000000278e-02 0.000000000000000000e+00 6.000000000000000000e+00 3.000000000000000000e+00 5.899999999999999689e-01 2.080000000000000225e-13 1.000000000000000000e+00
5.899999999999999689e-01 0.000000000000000000e+00 6.000000000000000000e+00 3.000000000000000000e+00 5.899999999999999689e-01 2.080000000000000225e-13 1.000000000000000000e+00
5.899999999999999689e-01 0.000000000000000000e+00 6.000000000000000000e+00 3.000000000000000000e+00 5.000000000000000278e-02 2.080000000000000225e-13 1.000000000000000000e+00
5.899999999999999689e-01 0.000000000000000000e+00 6.000000000000000000e+00 0.000000000000000000e+00 5.000000000000000278e-02 2.080000000000000225e-13 1.000000000000000000e+00
5.899999999999999689e-01 0.000000000000000000e+00 6.000000000000000000e+00 0.000000000000000000e+00 5.000000000000000278e-02 2.080000000000000225e-13 1.839999999999999858e+01
5.899999999999999689e-01 0.000000000000000000e+00 1.500000000000000000e+01 0.000000000000000000e+00 5.000000000000000278e-02 2.080000000000000225e-13 1.839999999999999858e+01
5.899999999999999689e-01 4.200000000000000000e+01 1.500000000000000000e+01 0.000000000000000000e+00 5.000000000000000278e-02 2.080000000000000225e-13 1.839999999999999858e+01
2.299999999999999822e-01 2.800000000000000000e+01 1.200000000000000000e+01 2.000000000000000000e+00 5.000000000000000278e-02 8.020000000000000158e-13 1.000000000000000000e+00
2.299999999999999822e-01 2.800000000000000000e+01 1.200000000000000000e+01 5.000000000000000000e+00 5.000000000000000278e-02 8.020000000000000158e-13 1.000000000000000000e+00
2.299999999999999822e-01 2.800000000000000000e+01 3.000000000000000000e+00 5.000000000000000000e+00 5.000000000000000278e-02 8.020000000000000158e-13 1.000000000000000000e+00
2.299999999999999822e-01 7.000000000000000000e+01 3.000000000000000000e+00 5.000000000000000000e+00 5.000000000000000278e-02 8.020000000000000158e-13 1.000000000000000000e+00
2.299999999999999822e-01 7.000000000000000000e+01 3.000000000000000000e+00 5.000000000000000000e+00 5.000000000000000278e-02 8.020000000000000158e-13 1.839999999999999858e+01
7.700000000000000178e-01 7.000000000000000000e+01 3.000000000000000000e+00 5.000000000000000000e+00 5.000000000000000278e-02 8.020000000000000158e-13 1.839999999999999858e+01
7.700000000000000178e-01 7.000000000000000000e+01 3.000000000000000000e+00 5.000000000000000000e+00 5.899999999999999689e-01 8.020000000000000158e-13 1.839999999999999858e+01
7.700000000000000178e-01 7.000000000000000000e+01 3.000000000000000000e+00 5.000000000000000000e+00 5.899999999999999689e-01 2.080000000000000225e-13 1.839999999999999858e+01
9.499999999999999556e-01 7.000000000000000000e+01 1.500000000000000000e+01 2.000000000000000000e+00 9.499999999999999556e-01 4.060000000000000371e-13 2.420000000000000284e+01
9.499999999999999556e-01 7.000000000000000000e+01 1.500000000000000000e+01 5.000000000000000000e+00 9.499999999999999556e-01 4.060000000000000371e-13 2.420000000000000284e+01
4.099999999999999756e-01 7.000000000000000000e+01 1.500000000000000000e+01 5.000000000000000000e+00 9.499999999999999556e-01 4.060000000000000371e-13 2.420000000000000284e+01
4.099999999999999756e-01 2.800000000000000000e+01 1.500000000000000000e+01 5.000000000000000000e+00 9.499999999999999556e-01 4.060000000000000371e-13 2.420000000000000284e+01
4.099999999999999756e-01 2.800000000000000000e+01 6.000000000000000000e+00 5.000000000000000000e+00 9.499999999999999556e-01 4.060000000000000371e-13 2.420000000000000284e+01
4.099999999999999756e-01 2.800000000000000000e+01 6.000000000000000000e+00 5.000000000000000000e+00 9.499999999999999556e-01 4.060000000000000371e-13 6.800000000000000711e+00
4.099999999999999756e-01 2.800000000000000000e+01 6.000000000000000000e+00 5.000000000000000000e+00 9.499999999999999556e-01 9.999999999999999799e-13 6.800000000000000711e+00
4.099999999999999756e-01 2.800000000000000000e+01 6.000000000000000000e+00 5.000000000000000000e+00 4.099999999999999756e-01 9.999999999999999799e-13 6.800000000000000711e+00
5.899999999999999689e-01 1.400000000000000000e+01 0.000000000000000000e+00 2.000000000000000000e+00 4.099999999999999756e-01 4.060000000000000371e-13 1.260000000000000142e+01
5.000000000000000278e-02 1.400000000000000000e+01 0.000000000000000000e+00 2.000000000000000000e+00 4.099999999999999756e-01 4.060000000000000371e-13 1.260000000000000142e+01
5.000000000000000278e-02 1.400000000000000000e+01 0.000000000000000000e+00 2.000000000000000000e+00 9.499999999999999556e-01 4.060000000000000371e-13 1.260000000000000142e+01
5.000000000000000278e-02 1.400000000000000000e+01 0.000000000000000000e+00 2.000000000000000000e+00 9.499999999999999556e-01 4.060000000000000371e-13 3.000000000000000000e+01
5.000000000000000278e-02 1.400000000000000000e+01 0.000000000000000000e+00 5.000000000000000000e+00 9.499999999999999556e-01 4.060000000000000371e-13 3.000000000000000000e+01
5.000000000000000278e-02 1.400000000000000000e+01 0.000000000000000000e+00 5.000000000000000000e+00 9.499999999999999556e-01 9.999999999999999799e-13 3.000000000000000000e+01
5.000000000000000278e-02 5.600000000000000000e+01 0.000000000000000000e+00 5.000000000000000000e+00 9.499999999999999556e-01 9.999999999999999799e-13 3.000000000000000000e+01
5.000000000000000278e-02 5.600000000000000000e+01 9.000000000000000000e+00 5.000000000000000000e+00 9.499999999999999556e-01 9.999999999999999799e-13 3.000000000000000000e+01
9.499999999999999556e-01 2.800000000000000000e+01 6.000000000000000000e+00 3.000000000000000000e+00 9.499999999999999556e-01 2.080000000000000225e-13 6.800000000000000711e+00
4.099999999999999756e-01 2.800000000000000000e+01 6.000000000000000000e+00 3.000000000000000000e+00 9.499999999999999556e-01 2.080000000000000225e-13 6.800000000000000711e+00
4.099999999999999756e-01 7.000000000000000000e+01 6.000000000000000000e+00 3.000000000000000000e+00 9.499999999999999556e-01 2.080000000000000225e-13 6.800000000000000711e+00
4.099999999999999756e-01 7.000000000000000000e+01 6.000000000000000000e+00 0.000000000000000000e+00 9.499999999999999556e-01 2.080000000000000225e-13 6.800000000000000711e+00
4.099999999999999756e-01 7.000000000000000000e+01 6.000000000000000000e+00 0.000000000000000000e+00 9.499999999999999556e-01 2.080000000000000225e-13 2.420000000000000284e+01
4.099999999999999756e-01 7.000000000000000000e+01 1.500000000000000000e+01 0.000000000000000000e+00 9.499999999999999556e-01 2.080000000000000225e-13 2.420000000000000284e+01
4.099999999999999756e-01 7.000000000000000000e+01 1.500000000000000000e+01 0.000000000000000000e+00 9.499999999999999556e-01 8.020000000000000158e-13 2.420000000000000284e+01
4.099999999999999756e-01 7.000000000000000000e+01 1.500000000000000000e+01 0.000000000000000000e+00 4.099999999999999756e-01 8.020000000000000158e-13 2.420000000000000284e+01
