year,no_trees,dbh_mean,root_mean,fgraft,gsx,gsm,no_groups,setup,i
400,390,5.09208015589065,0.649639647010819,67.948717948718,36,8.03030303030303,33,setup_0,0
500,211,11.432768743854,1.15869237255838,82.4644549763033,71,15.8181818181818,11,setup_0,0
600,298,7.85938866650386,0.886614156442757,80.8724832214765,199,24.1,10,setup_0,0
400,164,10.233186145616,1.1107940414913,82.3170731707317,28,6.75,20,setup_1,1
500,126,11.8663095851246,1.20301811748079,73.015873015873,48,9.2,10,setup_1,1
600,146,11.591143372333,1.20003805967524,81.5068493150685,36,6.61111111111111,18,setup_1,1
400,68,21.1442161223381,1.64294601695365,54.4117647058824,4,2.46666666666667,15,setup_10,10
500,71,21.9391333916771,1.71071914161356,61.9718309859155,6,3.14285714285714,14,setup_10,10
600,66,25.5273285817631,1.92740576064989,71.2121212121212,18,4.7,10,setup_10,10
400,27,32.3279926727582,2.00288713130279,14.8148148148148,2,2,2,setup_11,11
500,36,25.9714971320733,1.69671181348867,11.1111111111111,2,2,2,setup_11,11
600,45,26.4350982780333,1.79902557639024,42.2222222222222,6,3.16666666666667,6,setup_11,11
400,71,14.0150105129542,1.0608081385059,38.0281690140845,3,2.07692307692308,13,setup_12,12
500,37,27.7726633618673,1.81057820361829,40.5405405405405,4,2.5,6,setup_12,12
600,35,32.1801660665771,2.06495855841709,68.5714285714286,3,2.18181818181818,11,setup_12,12
400,34,28.4617669868022,1.80089281507179,41.1764705882353,3,2.33333333333333,6,setup_13,13
500,54,17.3946531165474,1.20660957092919,24.0740740740741,3,2.16666666666667,6,setup_13,13
600,41,24.5273700392639,1.60919460115701,31.7073170731707,3,1.85714285714286,7,setup_13,13
400,46,34.4254853077455,2.21141962734113,73.9130434782609,6,3.77777777777778,9,setup_14,14
500,42,27.5243311391428,1.75596144935655,35.7142857142857,3,2.14285714285714,7,setup_14,14
600,122,12.1107604182756,1.01037306266546,59.016393442623,8,2.66666666666667,27,setup_14,14
400,55,24.3293382686337,1.69380888902123,61.8181818181818,10,3.77777777777778,9,setup_15,15
500,88,15.2698698629619,1.12977476532328,43.1818181818182,4,2.53333333333333,15,setup_15,15
600,49,24.9683959441091,1.66903699616345,53.0612244897959,5,2.36363636363636,11,setup_15,15
400,84,15.164324942409,1.12046368418862,44.047619047619,5,2.46666666666667,15,setup_16,16
500,89,16.0174203418979,1.21058297193166,51.685393258427,5,2.70588235294118,17,setup_16,16
600,63,18.3598346185916,1.30581844346377,26.984126984127,4,2.83333333333333,6,setup_16,16
400,133,10.4263091755048,0.85586501861378,30.8270676691729,5,2.5625,16,setup_17,17
500,83,17.9791780253253,1.3789355182821,56.6265060240964,4,2.47368421052632,19,setup_17,17
600,119,12.4226427855134,1.01009277217393,49.5798319327731,4,2.26923076923077,26,setup_17,17
400,123,11.8417915007087,0.988435755448253,21.9512195121951,3,1.8,15,setup_18,18
500,84,17.5160824625342,1.33418581522087,28.5714285714286,3,1.71428571428571,14,setup_18,18
600,189,7.69961221834442,0.69540834844442,17.4603174603175,3,1.65,20,setup_18,18
400,165,12.3875371741104,1.14033370770765,36.969696969697,4,1.96774193548387,31,setup_19,19
500,158,13.2431675101599,1.19647277905638,42.4050632911392,4,2.09375,32,setup_19,19
600,187,11.1942470800304,1.05316225304535,36.3636363636364,3,1.83783783783784,37,setup_19,19
400,57,18.0957695197323,1.42960995559455,42.1052631578947,6,2.66666666666667,9,setup_2,2
500,51,22.6892674021262,1.66066466560003,52.9411764705882,5,3,9,setup_2,2
600,58,20.5669257643764,1.54142356013195,53.448275862069,6,3.1,10,setup_2,2
400,178,11.5458797154234,1.09355484121287,38.2022471910112,4,1.88888888888889,36,setup_20,20
500,205,9.85102006105774,0.965028881790656,30.2439024390244,4,1.9375,32,setup_20,20
600,160,11.1302092220963,1.0415111739305,26.875,4,1.72,25,setup_20,20
400,152,12.8566014613649,1.17403424544666,35.5263157894737,4,1.92857142857143,28,setup_21,21
500,196,11.264959430133,1.07907737675026,32.1428571428572,4,1.75,36,setup_21,21
600,194,9.836608788136,0.956937499071303,31.9587628865979,3,2,31,setup_21,21
400,198,10.5315525614626,1.02246163675915,79.2929292929293,26,5.60714285714286,28,setup_22,22
500,176,12.3167238752656,1.15138549006877,84.0909090909091,26,6.72727272727273,22,setup_22,22
600,171,11.6629181635719,1.09088848292396,71.3450292397661,18,5.30434782608696,23,setup_22,22
400,141,13.7467063646433,1.26021853351855,79.4326241134752,19,5.89473684210526,19,setup_23,23
500,136,13.1530860531186,1.18911526533091,66.9117647058824,16,4.78947368421053,19,setup_23,23
600,121,16.2930835761856,1.40287294574467,76.0330578512397,21,5.41176470588235,17,setup_23,23
400,541,6.37112371380931,0.809923152635591,78.9279112754159,294,23.7222222222222,18,setup_24,24
500,552,7.05770691451296,0.891554469711338,88.2246376811594,467,48.7,10,setup_24,24
600,464,8.84211652495345,1.06026692164687,90.5172413793104,366,38.1818181818182,11,setup_24,24
400,240,16.5694761108705,1.65371033062448,98.3333333333333,236,236,1,setup_25,25
500,457,9.15697290431805,1.05744359216521,91.4660831509847,408,83.6,5,setup_25,25
600,361,10.6069206639465,1.15765105356829,86.9806094182826,178,19.625,16,setup_25,25
400,427,11.1185824196761,1.25267744675466,96.2529274004684,411,411,1,setup_26,26
500,414,11.3382618563277,1.28045050636282,99.2753623188406,411,411,1,setup_26,26
600,458,8.12203353424486,0.965355777743759,88.4279475982533,394,57.8571428571429,7,setup_26,26
400,454,8.41557938253413,1.01617385108865,86.784140969163,387,78.8,5,setup_27,27
500,483,7.58139504159085,0.944471627754086,85.7142857142857,401,46,9,setup_27,27
600,438,8.6780078602683,1.03872146007172,88.5844748858447,381,64.6666666666667,6,setup_27,27
400,857,5.53678116122416,0.78529240193195,89.7316219369895,743,69.9090909090909,11,setup_28,28
500,513,7.67195194803366,0.960140412168717,88.8888888888889,452,152,3,setup_28,28
600,626,7.44003442634014,0.964981869738786,96.964856230032,607,607,1,setup_28,28
400,1211,2.30559057150112,0.433673539239856,47.8117258464079,40,5.21621621621622,111,setup_29,29
500,1120,3.46082695559651,0.568053753635339,74.2857142857143,752,26.8387096774194,31,setup_29,29
600,1211,2.95470922419764,0.518166784414599,83.2369942196532,941,36,28,setup_29,29
400,66,15.0026196291615,1.20893120818002,33.3333333333333,3,2.2,10,setup_3,3
500,51,21.595642962488,1.61917520272925,50.9803921568627,6,2.88888888888889,9,setup_3,3
600,70,19.0195331636963,1.46658205729177,62.8571428571429,9,3.38461538461538,13,setup_3,3
400,169,9.13831688141455,0.858984123917764,56.8047337278107,13,3.2,30,setup_30,30
500,190,8.79239963346354,0.850844376484854,51.0526315789474,9,2.93939393939394,33,setup_30,30
600,157,11.8258133275474,1.06375487144654,59.8726114649682,9,2.84848484848485,33,setup_30,30
400,111,13.1354645969772,1.15561891662615,61.2612612612613,6,2.95652173913043,23,setup_31,31
500,114,13.5254014372715,1.16876508209743,53.5087719298246,6,2.77272727272727,22,setup_31,31
600,144,9.80883518430738,0.929571366147129,39.5833333333333,5,2.28,25,setup_31,31
400,183,9.0739662095167,0.837104319678083,59.016393442623,9,3.27272727272727,33,setup_32,32
500,118,13.4784779845322,1.06858380564761,46.6101694915254,12,3.23529411764706,17,setup_32,32
600,112,12.9080166546838,1.05305186603283,46.4285714285714,5,3.25,16,setup_32,32
400,97,15.7484036577623,1.27848571990207,54.639175257732,5,2.78947368421053,19,setup_33,33
500,78,20.5778191640001,1.55833045987194,71.7948717948718,8,3.73333333333333,15,setup_33,33
600,147,10.4069480084588,0.915210921495736,46.9387755102041,7,2.76,25,setup_33,33
400,147,10.668522118444,0.950518086529626,27.891156462585,3,1.70833333333333,24,setup_34,34
500,147,9.91638262703392,0.88130779304176,31.2925170068027,4,1.84,25,setup_34,34
600,152,11.4454946134669,1.01309190632509,37.5,5,1.78125,32,setup_34,34
400,144,11.4250051629281,0.992847151503856,41.6666666666667,4,2.06896551724138,29,setup_35,35
500,97,15.1853455606002,1.23653064671265,35.0515463917526,3,2.125,16,setup_35,35
600,143,11.2197960834743,0.991285705012328,36.3636363636364,4,2.16666666666667,24,setup_35,35
400,171,8.88241495663337,0.807713241279382,22.8070175438597,3,1.625,24,setup_36,36
500,193,8.55985295672353,0.806493635707657,34.7150259067358,3,1.81081081081081,37,setup_36,36
600,158,10.4602650030052,0.9273643562381,33.5443037974684,4,1.89285714285714,28,setup_36,36
400,118,11.9990540407489,1.02497331639145,29.6610169491525,4,2.05882352941176,17,setup_37,37
500,82,15.3411411413859,1.21877968663573,31.7073170731707,3,1.625,16,setup_37,37
600,94,14.238512042112,1.16272804036079,35.1063829787234,3,1.73684210526316,19,setup_37,37
400,217,8.84624893279373,0.962468544366464,49.7695852534562,6,2.34782608695652,46,setup_38,38
500,253,9.47912930883622,1.02327882850077,71.1462450592885,7,2.8125,64,setup_38,38
600,238,9.55429169316029,1.02969114444356,63.8655462184874,8,2.62068965517241,58,setup_38,38
400,194,9.93423898716756,1.04054237726911,55.1546391752577,7,2.37777777777778,45,setup_39,39
500,242,9.73408977407515,1.05078549585249,64.8760330578512,5,2.37878787878788,66,setup_39,39
600,247,8.39426310234582,0.936301461780328,59.919028340081,8,2.55172413793103,58,setup_39,39
400,76,13.3178215142211,1.13228671257355,47.3684210526316,4,2.25,16,setup_4,4
500,55,19.6795136975363,1.49190967439212,61.8181818181818,4,2.61538461538462,13,setup_4,4
600,56,19.9670535510436,1.52335533421899,42.8571428571429,6,2.66666666666667,9,setup_4,4
400,63,17.2145596204988,1.30938737753475,55.5555555555556,7,3.5,10,setup_40,40
500,49,21.2041277344498,1.54743019987553,44.8979591836735,4,2.75,8,setup_40,40
600,54,21.2716272229477,1.57218354197236,48.1481481481482,11,3.71428571428571,7,setup_40,40
400,50,19.9813166888629,1.46608037050091,42,4,2.33333333333333,9,setup_41,41
500,34,27.5145732892754,1.8623120197937,41.1764705882353,4,2.33333333333333,6,setup_41,41
600,46,26.8897854595673,1.86792712387101,76.0869565217391,6,3.18181818181818,11,setup_41,41
400,39,28.78079854826,1.95564231014751,56.4102564102564,5,2.75,8,setup_42,42
500,37,32.6594611033723,2.16302941665538,67.5675675675676,6,3.125,8,setup_42,42
600,46,24.9382171714886,1.72920411768924,45.6521739130435,3,2.33333333333333,9,setup_42,42
400,37,25.8433750558567,1.81191050672996,21.6216216216216,2,2,4,setup_43,43
500,41,26.1888263312574,1.82293985531168,36.5853658536585,2,1.875,8,setup_43,43
600,32,33.9803419664234,2.25123218077151,25,2,2,4,setup_43,43
400,40,25.5135907221553,1.72042936791628,32.5,3,2.16666666666667,6,setup_44,44
500,41,27.108187208337,1.84844129267198,29.2682926829268,3,2,6,setup_44,44
600,55,23.3207737772787,1.66025191815852,45.4545454545455,4,2.5,10,setup_44,44
400,75,15.9645622851861,1.1517413133498,21.3333333333333,3,2.28571428571429,7,setup_45,45
500,60,23.2989926676438,1.62295604448004,41.6666666666667,4,2.27272727272727,11,setup_45,45
600,84,15.5044629492663,1.14698522228434,29.7619047619048,3,1.92307692307692,13,setup_45,45
400,65,20.9845503879292,1.51341374823688,36.9230769230769,4,2.18181818181818,11,setup_46,46
500,137,10.1640528288664,0.874260133787299,36.4963503649635,5,1.92307692307692,26,setup_46,46
600,53,25.0639090341317,1.73204678110476,37.7358490566038,3,2,10,setup_46,46
400,189,9.77422727658918,0.950596443560333,47.6190476190476,4,2.04545454545455,44,setup_47,47
500,171,11.5609345963972,1.10295806138544,53.2163742690059,4,2.275,40,setup_47,47
600,177,9.70232730537524,0.956053919174311,39.5480225988701,4,1.70731707317073,41,setup_47,47
400,76,16.2667741094699,1.39459623296955,56.5789473684211,5,2.6875,16,setup_48,48
500,99,13.0384100865796,1.18293123403448,47.4747474747475,6,2.61111111111111,18,setup_48,48
600,79,16.6558490438037,1.39542316711523,69.620253164557,8,3.23529411764706,17,setup_48,48
400,71,15.4005320001772,1.3016891271564,53.5211267605634,7,2.71428571428571,14,setup_49,49
500,70,14.3185688657649,1.21213576511304,41.4285714285714,5,2.41666666666667,12,setup_49,49
600,80,14.9325768478387,1.26384606238598,50,8,3.33333333333333,12,setup_49,49
400,65,21.3354190523073,1.59794114242782,58.4615384615385,8,2.92307692307692,13,setup_5,5
500,42,24.8638326885676,1.80476531933498,57.1428571428571,6,3,8,setup_5,5
600,43,31.5041102683742,2.16352661307045,72.093023255814,6,3.1,10,setup_5,5
400,72,19.6417649428783,1.58909108075783,70.8333333333334,11,4.25,12,setup_50,50
500,72,21.391184944966,1.71387281049594,77.7777777777778,10,4.30769230769231,13,setup_50,50
600,79,17.8516054271006,1.48360756326452,62.0253164556962,8,3.5,14,setup_50,50
400,176,7.85946257839553,1.00858258552187,75.5681818181818,36,7,19,setup_51,51
500,219,9.94475128430967,1.20939450217036,87.2146118721461,147,15.9166666666667,12,setup_51,51
600,223,9.19829043983517,1.14420996772722,85.2017937219731,115,15.8333333333333,12,setup_51,51
400,686,6.32636808151875,0.854177296477195,87.7551020408163,571,50.1666666666667,12,setup_52,52
500,446,6.52671743757297,0.831434910809696,60.762331838565,246,20.8461538461538,13,setup_52,52
600,672,5.83300663516029,0.809260629645374,77.2321428571429,387,14.4166666666667,36,setup_52,52
400,423,9.57196093331484,1.14255069182148,64.0661938534279,6,2.63106796116505,103,setup_53,53
500,565,6.86819460398759,0.894403123344529,44.070796460177,4,2.20353982300885,113,setup_53,53
600,468,8.30352411402512,1.02964871249551,67.0940170940171,7,2.57377049180328,122,setup_53,53
400,907,4.46893044810961,0.679940689249625,79.4928335170893,414,14.1372549019608,51,setup_54,54
500,605,7.49859687846729,0.977111139804381,96.0330578512397,578,193.666666666667,3,setup_54,54
600,440,5.10128723644585,0.730152990994339,87.5,371,64.1666666666667,6,setup_54,54
400,550,5.76099913843236,0.789649665109733,83.6363636363636,383,30.6666666666667,15,setup_55,55
500,611,5.08947957244691,0.704923031021957,63.5024549918167,170,12.125,32,setup_55,55
600,709,6.82336327781435,0.921281672782527,96.6149506346968,682,228.333333333333,3,setup_55,55
400,1448,2.66191147110553,0.476606856276109,71.3397790055249,708,15.1911764705882,68,setup_56,56
500,913,1.98070753437368,0.387905417971258,39.539978094195,23,4.40243902439024,82,setup_56,56
600,1142,3.23853773669135,0.537383249979287,74.430823117338,616,16.3461538461538,52,setup_56,56
400,1066,2.2744118859937,0.42929968913841,60.1313320825516,494,19.4242424242424,33,setup_57,57
500,945,1.57531764885268,0.341285355893513,30.8994708994709,9,2.89108910891089,101,setup_57,57
600,565,1.08868581583148,0.265951940933031,0,0,0,0,setup_57,57
400,1067,1.38423419850934,0.314453685104421,14.058106841612,15,2.72727272727273,55,setup_58,58
500,797,1.30694778745637,0.300171034988902,14.8055207026349,8,2.56521739130435,46,setup_58,58
600,1120,1.67446177597951,0.351808477179265,36.7857142857143,130,9.15555555555556,45,setup_58,58
400,90,19.9096318904937,1.56852927031414,80,21,4.8,15,setup_59,59
500,251,9.25266271879828,0.966128781591733,88.8446215139442,27,5.86842105263158,38,setup_59,59
600,166,12.3218379169891,1.12063961328923,84.3373493975904,27,5.6,25,setup_59,59
400,70,15.1198832609817,1.25400971828866,48.5714285714286,4,2.83333333333333,12,setup_6,6
500,76,16.4536891620647,1.36379369954541,51.3157894736842,5,2.78571428571429,14,setup_6,6
600,50,20.6300821085648,1.55906481653143,44,6,3.66666666666667,6,setup_6,6
400,110,14.4591690699269,1.19988317976065,60,10,3,22,setup_60,60
500,122,13.2311955385255,1.12341317358522,56.5573770491803,15,3.13636363636364,22,setup_60,60
600,129,13.0423799923617,1.14794339019922,72.093023255814,8,4.22727272727273,22,setup_60,60
400,190,8.69303314752299,0.85603460374309,62.6315789473684,8,2.83333333333333,42,setup_61,61
500,105,14.9344754829952,1.27608913468147,72.3809523809524,10,4,19,setup_61,61
600,89,19.4566747248187,1.54228078760134,79.7752808988764,11,4.73333333333333,15,setup_61,61
400,114,14.1682292413581,1.21613257037647,70.1754385964912,24,3.80952380952381,21,setup_62,62
500,102,14.9042023319109,1.26649052489617,60.7843137254902,8,3.44444444444444,18,setup_62,62
600,133,12.857564786124,1.13742895230459,63.1578947368421,9,3,28,setup_62,62
400,108,14.6267170207326,1.25981897447591,64.8148148148148,15,3.5,20,setup_63,63
500,128,12.1457917884765,1.08211931953278,63.28125,7,3,27,setup_63,63
600,104,15.3115684745384,1.28437062025555,61.5384615384615,15,4.26666666666667,15,setup_63,63
400,89,17.2641429882483,1.35399493979994,55.0561797752809,5,2.88235294117647,17,setup_64,64
500,69,19.7811003646328,1.45776223750389,46.3768115942029,8,2.46153846153846,13,setup_64,64
600,68,21.3089410263364,1.58904844922406,66.1764705882353,8,3,15,setup_64,64
400,100,14.8459916705286,1.19608485117338,58,7,3.625,16,setup_65,65
500,89,16.8375239076023,1.29162774884393,64.0449438202247,9,3.16666666666667,18,setup_65,65
600,95,15.9773467527381,1.22969323173651,53.6842105263158,11,3.1875,16,setup_65,65
400,103,14.1980170958118,1.13053431293682,44.6601941747573,4,2.70588235294118,17,setup_66,66
500,66,19.6940682579678,1.48124270996682,54.5454545454545,6,4,9,setup_66,66
600,103,14.8005463651737,1.18383093588097,65.0485436893204,10,3.52631578947368,19,setup_66,66
400,150,10.5090622359295,0.900930422388288,46.6666666666667,6,3.04347826086957,23,setup_67,67
500,61,22.1467694123172,1.56446878506249,59.016393442623,5,3,12,setup_67,67
600,97,15.9710784537599,1.24552695197479,62.8865979381443,6,3.21052631578947,19,setup_67,67
400,72,19.8608470156043,1.49653198933212,65.2777777777778,6,2.9375,16,setup_68,68
500,106,13.8180509982899,1.09312651512184,41.5094339622642,5,2.58823529411765,17,setup_68,68
600,128,10.0527450356876,0.86368506975695,40.625,5,2.73684210526316,19,setup_68,68
400,133,12.735597746245,1.08804375954434,64.6616541353383,9,3.58333333333333,24,setup_69,69
500,127,11.7312423637337,1.01796528615666,55.1181102362205,10,3.5,20,setup_69,69
600,113,13.2628751197827,1.07745567794542,64.6017699115044,12,3.31818181818182,22,setup_69,69
400,67,19.0732528174687,1.48109010903394,58.2089552238806,10,3.25,12,setup_7,7
500,68,17.2886480163531,1.3783306559694,44.1176470588235,5,3,10,setup_7,7
600,56,19.6082057476681,1.51582069513827,42.8571428571429,3,2.4,10,setup_7,7
400,234,9.8577634344935,1.01191126344894,76.0683760683761,77,7.73913043478261,23,setup_70,70
500,227,8.97438026985267,0.947189049355433,60.7929515418502,108,15.3333333333333,9,setup_70,70
600,293,10.7914978422855,1.16549521239542,97.6109215017065,286,286,1,setup_70,70
400,306,8.0503916770289,0.883237443160156,58.1699346405229,175,89,2,setup_71,71
500,604,5.54589322612574,0.720333500295128,87.7483443708609,488,44.1666666666667,12,setup_71,71
600,285,8.83198308264451,0.952913650777552,76.140350877193,135,21.7,10,setup_71,71
400,80,17.7834691939571,1.40073663159012,55,8,2.75,16,setup_72,72
500,129,14.6797363575549,1.25439849405287,69.7674418604651,23,4.73684210526316,19,setup_72,72
600,129,13.3992599172162,1.18250829070563,72.8682170542636,15,3.61538461538462,26,setup_72,72
400,67,21.0884347501738,1.6014462097707,65.6716417910448,11,3.66666666666667,12,setup_73,73
500,61,23.4374364649051,1.76374998907017,70.4918032786885,11,3.30769230769231,13,setup_73,73
600,162,10.1708824278502,0.964393039646156,66.0493827160494,15,3.68965517241379,29,setup_73,73
400,371,9.09549750244838,1.09958624800425,91.1051212938005,333,112.666666666667,3,setup_74,74
500,530,7.40007856032332,0.978533206167872,96.2264150943396,509,255,2,setup_74,74
600,308,12.1166385838364,1.34560924876587,96.7532467532468,293,74.5,4,setup_74,74
400,263,12.203672723002,1.32583932258014,90.4942965779468,238,238,1,setup_75,75
500,247,12.8765004424734,1.39511770799225,95.5465587044534,234,118,2,setup_75,75
600,280,11.4552621565547,1.26714964381459,90.3571428571429,250,84.3333333333333,3,setup_75,75
400,306,11.3695442110956,1.24135426681423,88.2352941176471,269,135,2,setup_76,76
500,344,10.7734520712715,1.21491622678783,92.7325581395349,317,159.5,2,setup_76,76
600,351,9.83275951796544,1.12625652685498,91.7378917378917,318,80.5,4,setup_76,76
400,997,3.05338639848742,0.508715782137097,66.4994984954865,467,15.4186046511628,43,setup_77,77
500,564,5.33101392300759,0.732390467738358,75.886524822695,395,61.1428571428572,7,setup_77,77
600,833,4.81370354415719,0.697286943967286,87.6350540216087,721,104.285714285714,7,setup_77,77
400,1050,2.91869237878045,0.495176244296001,66.1904761904762,288,13.1132075471698,53,setup_78,78
500,636,4.97935158805109,0.69896636771944,76.1006289308176,469,69.1428571428572,7,setup_78,78
600,789,4.90957327956743,0.707134551710653,88.212927756654,677,232,3,setup_78,78
400,997,3.07948472957318,0.512089752742513,66.900702106319,161,16.675,40,setup_79,79
500,623,5.04469348656772,0.705009423790193,74.478330658106,447,51.5555555555556,9,setup_79,79
600,807,4.91485269488539,0.707353205017619,88.3519206939281,710,237.666666666667,3,setup_79,79
400,96,20.0815900803555,1.67279757817907,82.2916666666667,71,19.75,4,setup_8,8
500,107,17.6843796107168,1.50129242329188,76.6355140186916,55,11.7142857142857,7,setup_8,8
600,146,13.750331603521,1.26482654191649,79.4520547945206,51,10.5454545454545,11,setup_8,8
400,60,20.6023215532588,1.57842649495387,53.3333333333333,9,3.55555555555556,9,setup_9,9
500,84,19.6960635504323,1.61240284481651,84.5238095238095,13,4.73333333333333,15,setup_9,9
600,70,24.5995492415734,1.88299350743951,78.5714285714286,14,5.5,10,setup_9,9
