mu,mu_star,sigma,mu_star_conf,input_var,ts,output_var
3.05817572866077,6.41472413215257,8.05475625583603,3.29574839440581,f_radius,400,dbh_mean
-14.1458233993812,14.3277386238485,9.34989467823736,5.71434950254689,salinity,400,dbh_mean
-1.5440926350888,7.2743100646679,8.75430774697792,2.57316320513188,amplitude,400,dbh_mean
-0.411675840860582,5.80418546624656,8.45371120085377,3.11503402902298,deviation,400,dbh_mean
-6.39663453545078,7.37577569958521,9.76927016776056,4.76115224511846,f_growth,400,dbh_mean
-3.51814151276115,5.34320687737286,5.96734722898922,2.47886383553768,k_die,400,dbh_mean
-1.8103934169945,8.54802421574514,11.1174329723418,4.35744310398639,recruits,400,dbh_mean
-1.55773053740208,5.90461291406482,8.44676930892758,3.3306066277518,f_radius,500,dbh_mean
-11.1852179738532,11.6508452296968,8.3324797061194,5.04398373185934,salinity,500,dbh_mean
-5.07432740101758,10.2072077197381,10.7374100316804,2.91119531272449,amplitude,500,dbh_mean
-3.32785409337349,6.27157647463789,8.9393026526548,3.74729224432966,deviation,500,dbh_mean
1.48387252789442,4.23664170043533,5.82475676464327,2.42951964523941,f_growth,500,dbh_mean
-3.14032823869483,4.59728656851076,5.75765389532207,2.86913703328067,k_die,500,dbh_mean
-5.29050980027765,6.10807685172745,5.9770184801466,2.56313706398131,recruits,500,dbh_mean
1.89091434828411,3.34546555617165,3.74819339799185,1.59306238139954,f_radius,600,dbh_mean
-9.18868927624526,11.0021529488027,10.0062126240916,4.86845237013166,salinity,600,dbh_mean
-4.96457053860107,8.15105256688954,10.3663382090926,4.82481837190866,amplitude,600,dbh_mean
2.36340072116121,6.38050316440189,9.72967202257414,3.9204269741612,deviation,600,dbh_mean
-1.15725964870913,5.48031531602173,7.13055755201992,2.8360490407558,f_growth,600,dbh_mean
-6.09629651854659,7.77029743066101,8.37864101731126,3.71892454270321,k_die,600,dbh_mean
-5.97064082612836,7.0331442367371,5.59717642335922,2.33754960982973,recruits,600,dbh_mean
-2.13609661679902,33.803570883786,43.7563948177136,15.0793961661516,f_radius,400,fgraft
15.3786542070887,40.3569545536856,50.633065426789,19.4580232836395,salinity,400,fgraft
-4.43751336951786,32.2156390045729,38.5219359383404,11.5631916931434,amplitude,400,fgraft
2.68383606704988,15.0970052568127,19.1230319075018,6.38460416809818,deviation,400,fgraft
11.1899918794332,19.4907810456038,24.3604587400271,10.7404127799638,f_growth,400,fgraft
1.1707618082708,15.5151543710665,21.3958245197846,7.380792192707,k_die,400,fgraft
-4.08902179449052,9.86958655738875,12.5744233622769,3.88219870814334,recruits,400,fgraft
-15.5870219982226,34.4417827673268,41.7508723153591,16.0224319013587,f_radius,500,fgraft
21.8280453568445,46.5077456272809,55.8491896066434,21.1347355939226,salinity,500,fgraft
-0.96878140479635,27.40784906955,34.8280452566472,11.625718566009,amplitude,500,fgraft
-3.71919235869702,10.0443875879538,12.9491892748993,5.05931075654404,deviation,500,fgraft
18.4531058768808,31.5004099323314,38.8312910176673,17.3283859248392,f_growth,500,fgraft
3.73551969495649,16.6932125063925,22.80751194705,8.17897658599489,k_die,500,fgraft
-2.91795244794747,18.419535134591,23.3842458953522,8.09882821763177,recruits,500,fgraft
-22.9614182401849,29.3984497068962,29.3647708040505,13.1107164142419,f_radius,600,fgraft
28.2042281107888,44.0547731480809,40.5525759703179,10.8037989944126,salinity,600,fgraft
-7.27668673326915,23.1191356685784,27.9197245845818,8.15903078359865,amplitude,600,fgraft
-21.892198475068,27.757471077221,40.4267636851356,22.0582095687635,deviation,600,fgraft
20.4529420263686,20.6693410326708,19.9193584191756,12.7561802743575,f_growth,600,fgraft
-4.93835807364173,22.3163647350703,30.1405174650662,11.9991237151216,k_die,600,fgraft
-9.26417555398403,16.4875178914453,23.9716891825675,12.240809216008,recruits,600,fgraft
29.0663168403475,47.4141545401239,117.294959575649,77.1205952032895,f_radius,400,gsm
20.1199444836006,20.8563081199642,56.8566866373066,33.0514022711248,salinity,400,gsm
-16.9666440345707,45.2552927657607,86.1741181233881,45.0164886748399,amplitude,400,gsm
-21.5693476732688,23.2761756238848,66.0409787708853,38.1048097043733,deviation,400,gsm
30.6568017748673,32.3059940303858,91.9426791348175,53.3850499390987,f_growth,400,gsm
-55.3459226492159,61.705578733872,175.570471835226,100.772952917313,k_die,400,gsm
-9.69187485108032,24.8819309870444,61.2029496077824,33.4809545491161,recruits,400,gsm
1.5607265714974,10.9215028224506,22.1597936455154,10.8924607839045,f_radius,500,gsm
50.8320786611347,51.9331465482438,130.224504137372,87.457342933929,salinity,500,gsm
-32.4122322215372,43.0290291380709,83.1484313342904,41.030614455956,amplitude,500,gsm
40.3106486713575,41.0581683599595,86.3491784344045,55.7718537666299,deviation,500,gsm
89.9380757296968,90.1411258386293,188.432337784696,114.307925341129,f_growth,500,gsm
-27.9528794784793,94.0478003256061,224.6285022568,118.161593732381,k_die,500,gsm
8.90228384899436,9.63460708131759,21.5938701165778,13.538205555834,recruits,500,gsm
-7.74442864363115,7.74442864363115,10.6329381921455,6.03299842814079,f_radius,600,gsm
68.0593356591951,68.1568966348049,146.488748398972,80.1847352574544,salinity,600,gsm
-134.931255454381,143.741357158232,319.587396276718,194.67153369925,amplitude,600,gsm
85.6170522855198,95.2846750720899,287.659060967067,141.45107289915,deviation,600,gsm
15.6621420817462,18.3015360211403,36.8844870539021,18.7431598141046,f_growth,600,gsm
-4.19089984425727,51.2971343437768,115.569577591635,64.2542243171137,k_die,600,gsm
1.85542056897154,4.21570902268437,9.80240655185852,4.92722778017102,recruits,600,gsm
-29.3333333333333,189.666666666667,411.808867327886,232.845588607872,f_radius,400,gsx
77.1666666666667,79.1666666666667,165.509035223884,98.9407629137243,salinity,400,gsx
-66.5,170.5,403.404072462106,219.106191959667,amplitude,400,gsx
41.5,113.166666666667,232.680900020968,116.57746535152,deviation,400,gsx
120.5,122.5,222.966877349668,125.912261923218,f_growth,400,gsx
-15.5,53.8333333333333,106.643660713473,57.1827056031743,k_die,400,gsx
98.5,98.8333333333333,279.123904961556,173.234761348179,recruits,400,gsx
-53.6666666666667,58.6666666666667,127.147722000343,73.4144539218811,f_radius,500,gsx
251.333333333333,258,431.500253923219,247.193215001472,salinity,500,gsx
127.166666666667,129.833333333333,237.295786147704,153.193227319031,amplitude,500,gsx
51.8333333333333,57.1666666666667,145.670967815133,89.5115016520177,deviation,500,gsx
101.5,102.5,300.682813477903,179.54481793951,f_growth,500,gsx
86.1666666666667,90.8333333333333,213.082969408284,106.027182505594,k_die,500,gsx
37,37.6666666666667,61.9328589066069,37.5978076366178,recruits,500,gsx
-120,121.333333333333,211.604686171825,141.425747054309,f_radius,600,gsx
290.333333333333,290.333333333333,478.118612278802,267.763801200355,salinity,600,gsx
101.666666666667,152.333333333333,283.248353269052,155.589056671343,amplitude,600,gsx
-59.1666666666667,149.166666666667,359.956487425225,184.736416684439,deviation,600,gsx
90,105,215.9832526658,123.818501649926,f_growth,600,gsx
-53.5,69.8333333333333,166.63786788226,94.0144418768873,k_die,600,gsx
82.8333333333334,86.5,157.652630335976,79.0293772162226,recruits,600,gsx
12.1666666666667,25.5,51.6281218229267,28.3827100715304,f_radius,400,no_groups
36.6666666666667,40,42.7741701220448,23.9692239874533,salinity,400,no_groups
22.5,31.8333333333333,56.7551052796895,27.521497810518,amplitude,400,no_groups
-4.16666666666667,11.1666666666667,20.4010711410873,10.5457386716139,deviation,400,no_groups
-1,16.3333333333333,31.458379322998,14.7255610414901,f_growth,400,no_groups
5.66666666666667,14.6666666666667,23.7684301459928,11.7049095118369,k_die,400,no_groups
1.66666666666667,13,16.4241616656605,5.29875721534847,recruits,400,no_groups
30,33.6666666666667,56.0753461375358,30.6088882669892,f_radius,500,no_groups
12.6666666666667,21,28.8803406156173,13.2139929194853,salinity,500,no_groups
10.5,13.8333333333333,17.6567057872996,8.32559194802857,amplitude,500,no_groups
-1.16666666666667,12.5,17.5163063359351,6.71318271635368,deviation,500,no_groups
-20.5,24.1666666666667,57.772702768567,38.2321577809643,f_growth,500,no_groups
-3.16666666666667,10.1666666666667,17.4880911860996,9.36959492031483,k_die,500,no_groups
8,8,10.9092779632298,5.98309242641459,recruits,500,no_groups
8.5,26.8333333333333,53.6590171681964,28.823372123287,f_radius,600,no_groups
11,28.6666666666667,34.7406617704228,11.5111406003524,salinity,600,no_groups
6,14.6666666666667,20.187393695015,8.4399477759127,amplitude,600,no_groups
-14.8333333333333,16.5,26.7758182777753,12.3161082542343,deviation,600,no_groups
-16.5,28.1666666666667,63.1256340880022,32.8048529685659,f_growth,600,no_groups
4.5,8.83333333333333,13.1948830336462,5.98459378313722,k_die,600,no_groups
7.66666666666667,11.6666666666667,14.5339109637164,7.3201112265173,recruits,600,no_groups
-92,119,203.739424477492,120.632386432558,f_radius,400,no_trees
490.166666666667,490.166666666667,640.420603496418,383.620865089354,salinity,400,no_trees
186.5,197.833333333333,386.384355752624,207.411205209753,amplitude,400,no_trees
8,174,317.872751930317,145.98808785824,deviation,400,no_trees
147.333333333333,147.333333333333,250.585979921729,140.376207721462,f_growth,400,no_trees
91.3333333333333,116.666666666667,188.294489602895,92.4214363270312,k_die,400,no_trees
152,191,278.041874455301,131.104084404869,recruits,400,no_trees
50.5,93.1666666666667,119.525941189701,53.9261870495188,f_radius,500,no_trees
430.166666666667,430.166666666667,494.14875677994,348.368925245726,salinity,500,no_trees
234.333333333333,255.666666666667,346.450431136357,178.323646478554,amplitude,500,no_trees
52,96.3333333333333,163.508598331693,82.8959938595045,deviation,500,no_trees
-0.5,31.8333333333333,44.5834631358443,16.0972827309232,f_growth,500,no_trees
38.3333333333333,43.3333333333333,47.1666339484247,24.2895338144946,k_die,500,no_trees
114,115.666666666667,113.907044623302,58.8511308986197,recruits,500,no_trees
-152,161.333333333333,293.793620349429,161.730029082821,f_radius,600,no_trees
475.5,476.166666666667,639.691307691298,394.025971397664,salinity,600,no_trees
187.333333333333,212.333333333333,376.036181605631,215.34543829009,amplitude,600,no_trees
-78,162.666666666667,331.192942908056,165.143499730263,deviation,600,no_trees
-0.166666666666666,53.5,74.5084716369824,25.8210330664842,f_growth,600,no_trees
-27.6666666666667,91.3333333333333,160.254812527648,77.9291535264141,k_die,600,no_trees
144.666666666667,146.666666666667,224.76434847564,142.003913044696,recruits,600,no_trees
0.250874838194687,0.452648740581185,0.563064025268312,0.235009688295719,f_radius,400,root_mean
-0.665011379313327,0.71564403006646,0.640968648532498,0.340963313459291,salinity,400,root_mean
-0.138265335820725,0.532656803382105,0.644727603413436,0.214385683964927,amplitude,400,root_mean
-0.0160236554183106,0.382455990994066,0.50850482031073,0.182072401288082,deviation,400,root_mean
-0.430461901846086,0.47837250298527,0.522198381324328,0.329331998265772,f_growth,400,root_mean
-0.192844700813203,0.344334384099397,0.376247399695235,0.121403624012699,k_die,400,root_mean
-0.194342532733747,0.555653616928231,0.643456456624803,0.194642038323306,recruits,400,root_mean
-0.091801327548519,0.370181273619188,0.518115344421567,0.224776180447661,f_radius,500,root_mean
-0.476229147362852,0.557130899270529,0.527692667223127,0.266837688916397,salinity,500,root_mean
-0.358151687470436,0.659676598169853,0.655622578317586,0.186549655053846,amplitude,500,root_mean
-0.201806027878962,0.364955122186354,0.51016697385579,0.214575294989582,deviation,500,root_mean
0.106854596418738,0.285947654140692,0.375833845471689,0.153482403257066,f_growth,500,root_mean
-0.151348781804893,0.298195666849181,0.371190405030562,0.146377161832561,k_die,500,root_mean
-0.378221186028651,0.405963211060541,0.342756336470958,0.176021915275191,recruits,500,root_mean
0.122629778667479,0.242139954094366,0.272144325368349,0.091151219110807,f_radius,600,root_mean
-0.324807040758883,0.643270318235648,0.715376460950562,0.253652116474414,salinity,600,root_mean
-0.33713667442808,0.532157194034887,0.603494159600069,0.274183467085377,amplitude,600,root_mean
0.0957941361627076,0.396405472069188,0.558755572175353,0.219868748758713,deviation,600,root_mean
-0.0938708050113607,0.333356921775845,0.4251032931134,0.183487244278535,f_growth,600,root_mean
-0.336617491902073,0.466742018876416,0.489026425280517,0.191970791571874,k_die,600,root_mean
-0.417350505726748,0.482643679524492,0.353304821132392,0.135701181426043,recruits,600,root_mean
0.122629778667479,0.242139954094366,0.272144325368349,0.091151219110807,f_radius,600,root_mean
-0.324807040758883,0.643270318235648,0.715376460950562,0.253652116474414,salinity,600,root_mean
-0.33713667442808,0.532157194034887,0.603494159600069,0.274183467085377,amplitude,600,root_mean
0.0957941361627076,0.396405472069188,0.558755572175353,0.219868748758713,deviation,600,root_mean
-0.0938708050113607,0.333356921775845,0.4251032931134,0.183487244278535,f_growth,600,root_mean
-0.336617491902073,0.466742018876416,0.489026425280517,0.191970791571874,k_die,600,root_mean
-0.417350505726748,0.482643679524492,0.353304821132392,0.135701181426043,recruits,600,root_mean
